1992.5374004341709	4.4284411094487535
1992.4194560143953	4.428876999840887
1988.1509527073715	4.4285161980745
1985.9055418987955	4.4280697717639494
1983.0925238736181	4.429065650271271
1976.047474491783	4.430243581505731
1970.4127524339576	4.428027659500116
1961.1761581407259	4.429168509670762
1958.773413375541	4.427243087595087
1957.2536510287578	4.426558015959901
1956.81317631465	4.429943903236561
1947.5899857843563	4.427982017656154
1946.868632683742	4.429095218386076
1939.9771303131345	4.429249485939193
1936.2215476068693	4.428436216792834
1935.6071834519003	4.425940880893913
1935.1392718082075	4.427550931897559
1934.6508273840416	4.4273171518015495
1933.9680080722624	4.4288547423086975
1913.2111029065775	4.427858434891945
1910.156090516487	4.427691519190859
1908.5532601445304	4.428373393858853
1907.950142608409	4.4285125287547045
1889.960340163674	4.428585715781612
1889.225508726543	4.4285064637609
1888.952102824343	4.42872128962544
1888.3283371277905	4.427244419373281
1887.7151704256435	4.427843833115592
1887.1722123502304	4.428766715144652
1885.1870733446037	4.428213933934752
1884.6381260182181	4.428872059653322
1882.8919536333135	4.4285042861252855
1869.4474042209217	4.428340728967944
1864.2144904418765	4.428010357380064
1863.1508884151303	4.428655613529015
1861.270218019651	4.428677329071712
1857.4395486312508	4.428218047122713
1856.4172491380014	4.427399671710562
1851.657812067841	4.427271303545477
1850.5945472377366	4.4296536584128985
1850.346465209108	4.4275848574390055
1840.9219416928213	4.427697530994541
1840.865381475345	4.42800060379121
1835.2367041034654	4.42740782406049
1834.6954030635534	4.4276354341851265
1821.7249018252085	4.427610866458989
1821.5098388213862	4.428539035307513
1811.6013961969084	4.427659550024256
1800.5199549854867	4.4281543296225285
1799.1926136249815	4.428059446589646
1796.109221613459	4.428594213369671
1794.7776027680331	4.428674568389199
1792.6391572285715	4.427288616475799
1788.3810761526072	4.427789231267673
1786.0776928678097	4.429203720456066
1784.5513762988564	4.428370817736112
1782.6678155309826	4.42739436588229
1781.042856883969	4.427947475671044
1777.9580214216442	4.427187229371463
1777.1055454439947	4.4278977070646075
1771.2632466000846	4.427818130889981
1764.2717604719592	4.427103924473429
1762.9929702846664	4.4284440501763305
1761.4467836315248	4.425524620206059
1759.01510661625	4.428646685729852
1756.7058977617971	4.428977529858177
1754.0063957300058	4.427787520923532
1752.1436299153286	4.427538859932406
1747.867198804061	4.428413014593647
1743.8259568252377	4.428926174417139
1738.9398908495343	4.427081440269017
1724.5026105482477	4.427547842444109
1724.5005839822206	4.427498614916874
1724.270476612618	4.428302255333991
1720.9281943254102	4.427346353628347
1711.8229343598503	4.426846650634084
1711.0367887652344	4.427449222782973
1709.7665942456008	4.428105258965061
1705.217746001372	4.428002293616002
1700.8879911508814	4.427676806147828
1693.749246387379	4.427448953589103
1685.0392006728478	4.428281121897341
1682.2250910324005	4.426881797664861
1682.1426946387255	4.426910684116641
1681.6142549785918	4.42805103056533
1681.4471042034668	4.427680356465695
1680.6411494485942	4.429861737099438
1666.304455627341	4.428653657870171
1666.0997676637342	4.42671884885742
1665.176330321386	4.426825475372996
1664.928099103799	4.428478008277955
1655.6739360051868	4.427073327870364
1652.5859954434736	4.427723003473081
1651.290526325901	4.428781051240045
1646.4123161892944	4.4288938360125165
1642.0317810242693	4.4276336176623134
1641.506022942689	4.4270317595078845
1639.8997704260753	4.4289947494447555
1627.627344847058	4.427820463267415
1624.9560823988654	4.428074076485104
1622.2449408751263	4.427873210341632
1614.7394095447119	4.428384133674245
1611.356432850521	4.4291657753149885
1607.226279987055	4.428346716801334
1604.455306115564	4.427915330827724
1603.11766941515	4.427980802641569
1602.803947828791	4.427384372700392
1601.4949758989628	4.42694515243157
1600.0377194747898	4.429238627425906
1595.7044312459614	4.428204437737256
1592.369461293077	4.427788856392435
1592.0402782925025	4.429932280628708
1591.5307877600978	4.428116646549782
1589.3253847543926	4.430557685590108
1578.6687416985467	4.428577237289349
1577.511784941288	4.428987028701456
1576.2024342557488	4.428639291430238
1576.2001777231108	4.428873955501
1574.5954220397803	4.428467485930946
1572.3333256741291	4.428772163896357
1566.736235486667	4.428338491812533
1553.2826464872162	4.429098782979534
1549.658708095942	4.42957500916074
1547.8562037183167	4.429639851619925
1545.5291466256413	4.428007064803587
1539.2405612831574	4.428054722194084
1537.64463679065	4.428737377635027
1519.7308152591786	4.428716905936285
1514.9809816573613	4.427684234606691
1511.5822024936504	4.427822465524045
1503.7745292837826	4.427978603476732
1501.8147192717556	4.4282398947380255
1499.9841937401322	4.428654087272411
1497.436070905677	4.42917156906521
1495.7624661236016	4.4302638914407755
1491.5788691010048	4.4276954056194535
1480.8885784684267	4.4274257832795945
1479.8543170285914	4.42879658614342
1479.388387285364	4.428083009665147
1477.640257820579	4.428157919685185
1466.8225904572223	4.427856118441548
1464.622030094399	4.4269817195955055
1464.5135257368825	4.427965134265447
1457.5115998185909	4.429449682334978
1453.734855014062	4.429391025676366
1452.9128986543205	4.428741611482754
1450.6920541238762	4.426607444627298
1449.6324549192123	4.427896811446237
1444.2561277669697	4.428000067903663
1442.8051571185108	4.42829083335335
1440.1236219320433	4.428284483931983
1437.2180578497837	4.4276667926105215
1436.21483166469	4.427172239339968
1435.1759135074078	4.4286848542266855
1434.7336932628875	4.427926322012362
1434.2115003795861	4.430396764301756
1424.364822069552	4.426997107978101
1420.7658570536285	4.427045272875384
1418.3451436012112	4.427938826886398
1413.6138400308228	4.427305095171666
1411.4813328998903	4.428010694275248
1410.1883473783328	4.428422993660686
1402.9886840060342	4.428048664699626
1395.553288003733	4.427576743478937
1391.4816010767454	4.428083896896801
1389.7179204272356	4.430035781527824
1388.5777464101457	4.428397133315756
1388.2423070014613	4.427967584276901
1387.2003146343384	4.428887088193952
1384.5178323160005	4.427571452234953
1376.6100257582464	4.42891628118918
1374.963025321642	4.427720595588616
1374.578354718041	4.429192927392675
1367.50164595626	4.427799670407376
1356.6211041754393	4.428831197731907
1353.6962215727142	4.4280636157453745
1351.042585447837	4.427198014080888
1338.2263014080586	4.428119906735541
1337.2854344398484	4.428946076669769
1311.0168912582183	4.429716700602714
1309.7939682025324	4.427359644985976
1307.3886611622281	4.429627925316651
1299.641860750494	4.4299000278983796
1296.1711274586648	4.428193610834825
1293.4075614582741	4.427885014183156
1292.445418492623	4.427785669683857
1280.3455896796202	4.429202307847508
1266.7582672323629	4.4281938694824206
1264.1515778336404	4.429200495604483
1260.1742690320614	4.428296240438564
1259.1640672835856	4.428724363326743
1253.8742606529431	4.427566464319841
1250.8187452242862	4.427067102265084
1248.79599511195	4.428919780949134
1245.1481762150868	4.428648385987878
1244.1919690042876	4.428977655820544
1241.9578804276841	4.428262190452537
1241.6018672690695	4.428721982739332
1239.8066373724264	4.427437588287843
1235.896672294744	4.428285979973492
1234.1829410617165	4.428065180675977
1228.8367932452932	4.429623345620533
1228.4039606323686	4.429732868577845
1227.0294551524203	4.429060044050602
1222.3836683652428	4.428497460303854
1221.6793402461067	4.42639433105592
1220.7459827759972	4.428491867032397
1219.3504845181722	4.428908406810077
1211.2186492675264	4.428757188867949
1210.8439415284788	4.428846256208797
1203.6959464701026	4.428610479692804
1198.2030028646366	4.428400827059959
1193.7919401084487	4.426685586323072
1191.290864413806	4.427753409484469
1188.821582848861	4.428028944487988
1188.6426562372071	4.428235856327058
1185.2324777413467	4.428160456099544
1183.7840502292731	4.42845982864209
1182.359830535304	4.428053342582084
1181.4425483348562	4.429670240924167
1180.6807520901737	4.429049845771322
1170.0854161749935	4.4270824188146864
1169.645800255752	4.427573684139064
1168.4439174538054	4.427671493150358
1165.0391653020845	4.428014559000688
1162.8182437836774	4.42790914111881
1158.920240058236	4.4286658933976115
1152.0682909680067	4.428371182893756
1140.4523850556461	4.429944213584663
1135.9462071296534	4.4284601230020275
1132.3948105295885	4.428780919082793
1120.2516143391576	4.4289583244446575
1119.7506430152478	4.427267412894764
1117.8894715277859	4.42808951952638
1116.0805674829394	4.429758385588814
1112.0606219453043	4.428078428679411
1107.0436108598644	4.428293389730639
1106.598117467456	4.4279194072745724
1106.2406227413808	4.427219610015302
1101.7679712930692	4.426802664221194
1095.804447078819	4.428256118183532
1094.7462989310643	4.427232670602589
1093.4230758648887	4.428714762585687
1092.0274958319064	4.428564245410153
1091.4218133028119	4.428119432402273
1089.405353308361	4.428038076606642
1085.6260001072164	4.429401447857444
1082.512676976332	4.428993231073876
1078.4734296966938	4.427708824599987
1075.5202267450147	4.428441443907436
1064.4545790847478	4.42776219896916
1060.7136589599263	4.427219845869561
1059.1313537351189	4.427854670853412
1058.0995060220318	4.428779731947158
1057.3139149524618	4.42874772270388
1055.9135536304966	4.427750143066447
1034.323502457441	4.427194410771723
1033.4141714395487	4.427239184733839
1032.9341842373085	4.427491552371054
1031.3656764500236	4.428977355384218
1030.80820144055	4.4286636560304435
1025.213037354844	4.428364764038071
1017.0983015278582	4.427783686252924
1013.520849391788	4.428098936377886
1007.5783771573506	4.427582748535004
1005.8284386212607	4.428692313015437
1004.2117995813951	4.426527605253492
999.8429010688573	4.428611591726535
994.221896016101	4.428251769722326
993.2213072569582	4.4276226103953
992.5194823455873	4.427658003934446
991.7652707967319	4.427637295569254
991.1457347416563	4.4292711003804985
987.4414264337111	4.427859114366315
986.2861961261113	4.429416583675129
982.1107564484673	4.428972641083059
970.8067303780206	4.427895014424288
968.6439526821684	4.428381888398023
964.1279804585173	4.428421952137414
963.7791709504673	4.429213569165792
962.1376249446374	4.428079045252099
959.972377113337	4.429663842881536
955.8595041485403	4.428571849335772
954.6758023671432	4.426894116801952
953.3787185873632	4.428070653591858
949.1942514204094	4.428817880077601
944.3754306430315	4.428398434568191
944.2373802938472	4.429686296597318
943.7489758184897	4.427939122050494
943.4282382250287	4.428055497088686
939.0975595331993	4.427596449612758
936.4809419748101	4.42836574577307
930.3530229550345	4.428204707652043
924.7559094337383	4.427804327374589
918.0246914125985	4.427755389079007
903.8589039695211	4.429431727750664
901.027974010555	4.427981702102073
898.1002747533215	4.428047760923717
890.0092415761321	4.42772551243316
887.5178383771974	4.427558593303732
886.2703347591848	4.4283167241739125
883.0495101845926	4.429495243497859
877.022527858576	4.428050920122842
873.021814626238	4.428342563904794
865.5376105650321	4.429450272081094
865.1748590355807	4.42848330862616
862.2397102425512	4.4269657263533375
861.4548117925484	4.427707580330836
854.576050933588	4.428962333184413
852.4590434573552	4.428980387007883
846.2475645688578	4.428937237344353
834.0950107854245	4.428447444645446
833.3821460954796	4.427392946525928
831.8087600000309	4.428494582634829
831.0393634989176	4.430186128015992
826.4956914209869	4.427844520998939
808.1097553757594	4.429501679909658
807.3187447904193	4.429153843161768
798.0444560939366	4.4291342142672505
796.3203530590374	4.427826372644231
792.6317699279559	4.4268046974253705
780.0233018452307	4.427213330235194
777.8265869012503	4.429012000840608
762.5562603020063	4.426235680681951
759.1641367808116	4.429457175429505
757.1189961037516	4.429135512507771
751.8268553430087	4.428231142493804
744.7116639613397	4.427502670255251
740.6364930907378	4.428473496561649
739.9544216442358	4.429913568291764
739.229916473089	4.428441554447003
726.8773856290807	4.427990304295493
725.1820853465299	4.427496648038216
718.7653824906693	4.428873978287069
706.5304061342317	4.426995173625095
702.9577779383422	4.428696123884249
697.9232036968892	4.429085720905441
688.6858529013122	4.428849409251533
687.7482106893698	4.428553653753888
677.9801477133112	4.427417205559401
666.661086761793	4.427969495220146
659.7953356932354	4.429157439690656
656.3578611764319	4.427943106302463
655.823608381649	4.428938108710976
654.0854921310676	4.429287033304222
652.8924205108784	4.428534958054604
652.7795067215328	4.427696781913403
649.2494353953268	4.428030598192667
648.3939663313702	4.4292252187016
648.363486824677	4.428842254788066
645.6042489716135	4.427640592680849
643.0287053983957	4.429805319577623
641.8757002527817	4.4292690009715585
636.8383721768322	4.429320188305513
636.461781708542	4.4269969068029065
630.4280249200199	4.428133461532933
629.9742080304035	4.428347284861933
616.8109902570911	4.427937898838451
615.1926371231568	4.429720568056888
614.2858556547411	4.428646034535867
609.9633211014084	4.428154544556795
607.9357793539117	4.427203185185671
604.4109632160295	4.4286668658017865
601.942531797736	4.42855468425915
594.7384322144179	4.428115372882879
592.9715735465882	4.427094108322549
592.4082207164771	4.428248146167527
588.3750556058028	4.427838188455076
584.925784180997	4.429392242677464
576.2029714085353	4.427939396847828
574.3383684553651	4.42746515911904
572.2787216982988	4.426723994861736
570.0738060644131	4.4294788175391915
567.5511270905765	4.4277991118906215
566.2523910787362	4.427900279813133
555.6986578106876	4.429932607046114
555.5765593466132	4.428842306266303
550.4605360744982	4.427434937700715
549.5638767249238	4.428910878914529
548.3115389879913	4.429153290474577
533.7255876837388	4.429839452282184
530.9541287008035	4.4279634274445785
523.508732711224	4.428546540526381
520.1148279008195	4.4291494960520845
516.5804930410978	4.428046816778617
512.6901000789242	4.430320485537676
510.4935991532216	4.428875510494222
504.576490595493	4.428904082952971
494.0117840824425	4.427037685115251
493.04384994264643	4.4269375280043155
482.59206805441335	4.42651556304557
480.9107921183412	4.42644456683896
479.45973791075573	4.428070645614692
475.99892148216094	4.427358169861375
474.7108498725448	4.427514384959292
465.930251886327	4.428832218834157
456.53025313190096	4.427492009678419
450.7675129018204	4.428245032139115
448.6637474511592	4.428679379948152
447.5438978788825	4.427806264256548
442.0891698801785	4.4284383421977465
434.53322969500545	4.428920375746668
432.6858428127627	4.428051960095321
432.5738937536265	4.426766191126018
432.0136248592342	4.428160922514292
428.9025781766631	4.428014838461178
405.3699758692774	4.428765332495996
405.011659969882	4.4305391957483335
392.3802112259767	4.427913060090513
391.40508818097754	4.427574026255575
387.8285467051956	4.427635072629311
387.55028732854055	4.427619502766402
386.49060575730874	4.428510389325942
384.8960614782353	4.427488648211643
382.6138282365075	4.4282373481757205
374.61548368246315	4.429122208176657
374.2122789857792	4.428070369991095
371.8441946659493	4.429469340495683
370.9377315705779	4.427176763665275
367.44184833568903	4.427353485703053
365.22073191042665	4.427454995271596
360.637568185056	4.428529987674271
360.1186114285189	4.4275467434613756
359.33230372201723	4.427346369660125
354.692662965131	4.428864349067856
353.57955323292293	4.427379171880745
353.18680331781957	4.42716055506819
346.8833484298982	4.428374709790705
346.44800768663146	4.428574232957782
345.8788780361053	4.427908772316679
343.902731856512	4.427905026637367
338.797849519592	4.429184545390896
330.32707703704614	4.427914049635205
321.2972523347071	4.428856769107018
320.6650434867762	4.427940732861191
318.76671930476925	4.427682249314172
318.4866885776179	4.428047968407035
316.6130886000487	4.4291271625040265
312.8812078429815	4.427320283032218
312.2615889992062	4.427826624989006
298.810628019744	4.4277380752356414
292.70626857075723	4.428204835548151
289.74238258683755	4.429977534467532
285.29465989489984	4.428759564021071
282.8285159007028	4.4275640535231435
282.509596544555	4.428836705566445
282.11274926297955	4.427308868350979
277.81095849979926	4.428008730837225
262.31734343021805	4.427389817473743
261.3856734752758	4.429018842876772
258.2424759178943	4.4264194493927445
256.2523003131956	4.428969621105722
246.4751767124828	4.428550334857458
241.42432436674747	4.429133697926477
241.0396165057111	4.427199206982954
239.344747100685	4.4287042217641375
230.23367653346853	4.429527067839325
229.94171278270719	4.428896648882313
228.34630086284872	4.427691973017258
228.2382687226896	4.42633048596935
219.40524199837435	4.430072525492094
206.78676782417176	4.427151556962967
181.04095023458848	4.4273137932565305
178.91126978857335	4.427292737087818
177.0754976661222	4.426267110333764
175.63316916301198	4.428812945905986
175.0537932488828	4.426907211607842
166.16930459316654	4.427008743384175
159.56784351500764	4.428527114725834
150.27548244083076	4.427528986250904
148.62943202662566	4.429165766658158
139.01987911861949	4.427768875196283
135.5225151395189	4.4271526791825115
130.5831188570323	4.427008527025152
127.57664990602305	4.427047461850674
123.5894856046087	4.427326100758056
118.64667244412232	4.426858415471264
114.39185824371275	4.427955578039518
109.05503636547509	4.428412369570025
108.42423793105662	4.42671604577477
104.4906945438675	4.428447210123548
102.07456493169794	4.429247306745045
100.78135940701422	4.427008197310462
99.08509923307487	4.428314226848494
96.77562368171016	4.4291323837898
94.42864369729764	4.428618051933028
93.52054947299	4.426003635143318
86.035998626598	4.428250429517437
85.93220537381472	4.428602965521051
84.84684636795929	4.429748831180771
81.42884423744484	4.427992203749755
79.21911978039003	4.428839585546108
74.65982831262319	4.427987762137348
70.86950916270432	4.770539421029587
57.14418441719723	4.428990352432357
53.2448314316133	4.770724470359317
49.778541925903546	4.425178970912996
44.56917982008965	4.770558887778267
43.29040064855108	4.769575215898388
41.50774577080711	4.430698324314922
41.27919681014	4.770485125854236