78
0.0731	0.00025
103
0.06073	0.00022
128
0.05175	0.00025
153
0.0455	0.00023
178
0.04054	0.0002
203
0.034714	0.000042
223
0.030993385800334176	0.000046716441092339606
243
0.028061786432537258	0.0000470271738155999
263
0.025531295105406606	0.000045846133755505025
283
0.023465392514218548	0.00004818696947403611
303
0.02149187755051429	0.000050723691502800105
323
0.019991731313721235	0.00005683268099218411
343
0.01824346575316786	0.00004302107335328805
363
0.016906930606099893	0.00004359879966178362
383
0.0164785085199315	0.00004435785572239557
403
0.015038	0.000046