0.e-20	0.848224519359442
0.0034409722222222222	0.8525105291457054
0.0069027777662037037	0.8652311047077607
0.0103865740740740741	0.856262410684986
0.0138715277662037037	0.8650160633866146
0.01735879627314814815	0.8586624683086274
0.02431597219907407407	0.8596887813794507
0.02779861108796296296	0.8668198232494575
0.03476620368055555556	0.8709475571189395
0.03824768513888888889	0.8469091814554497
0.0417384259027777778	0.8721313647491742
0.0452291666435185185	0.8698534974065937
0.0487199073611111111	0.8586112413196542
0.0522025462384259259	0.8666529888123199
0.059157407349537037	0.85154200920462
0.0626412036342592593	0.8728039074045848
0.0661249999305555555	0.8834561010645244
0.0696145832986111111	0.8564143453166705
0.0730972221875	0.8656277194794113
0.0765775462384259259	0.8689812573733798
0.0800706017939814815	0.8589988878142257
0.0835428239930555555	0.8616916131782305
0.0870416666203703704	0.8594433620660483
0.0903576388194444444	0.6399568576543883
0.0940034721527777778	0.8655167537501497
0.0974791665856481481	0.865336471362261
0.1009699073148148148	0.8661109624642972
0.1079317128819444445	0.8598292076976914
0.1114745369328703704	0.8785233420942253
0.1183749999189814815	0.8664496922172786
0.1218703702662037037	0.8643691325561321
0.1253541665856481481	0.8581055911549117
0.128834490625	0.8611237235902738
0.1323124999189814815	0.8566502955585922
0.1357962962152777778	0.8699114344937421
0.1427731480324074074	0.8525770155989928
0.1462604165740740741	0.8593656824750118
0.1497303239699074074	0.8513794108471373
0.1532314813657407407	0.8654682919116344
0.1566990739583333334	0.8683703749805884
0.1601817128587962963	0.8651122459977886
0.1636701387847222222	0.8543626247561541
0.1671550924884259259	0.8632161494695281
0.1706493054513888888	0.841888372598899
0.1742245369097222222	0.8570362201847516
0.1776030091203703704	0.8569835442638166
0.1810914350578703703	0.8379329532408683
0.1845682868865740741	0.8538273583454572
0.1880729165625	0.8527634771324261
0.1915324072800925926	0.8447438733413334
0.1950196757986111111	0.8681141120444974
0.1985011572916666666	0.8491806982192894
0.2019953702083333333	0.8535989405102822
0.2089618054050925926	0.850769551443908
0.2124444442939814815	0.8376993878817842
0.2159155090972222222	0.8547368010425316
0.2194108794560185185	0.8520524833587789
0.2228935183333333333	0.8569257019715336
0.22637847204861111111	0.8615476798253793
0.2298611109375	0.8451473357640381
0.5608356477430555556	0.8437026537664312
0.5643182866087962963	0.8726484491746364
0.5677905088541666666	0.8610258109791646
0.5747569440162037037	0.8600414110746226
0.5782395829398148148	0.855025321236694
0.5817222218171296296	0.8482031266566468
0.5991643514236111111	0.8532249414725206
0.6026365736342592593	0.8419702051271812
0.6061111106828703704	0.8364369876387605
0.6095925921412037037	0.8658131858962874
0.6130787032523148148	0.8566249504975998
0.6165613421412037037	0.8423964738391495
0.6200486106597222223	0.856218651710007
0.6235416662268518518	0.8352687173414083
0.627013888425925926	0.8757869155495805
0.63748611065972222222	0.8492772404703908
0.64096643474537037037	0.8507847890306433
0.64443518472222222222	0.848916619457712
0.64793286989583333333	0.8589340597254286
0.65140509211805555556	0.8455972453083589
0.65488657359953703703	0.8397704286256688
0.65837962915509259259	0.8438873438356495
0.66186342546296296296	0.8314944451668456
0.6886608791435185185	0.9243490202672422
0.7058310180208333333	0.9276171469855884
0.7101261568865740741	0.9248262478356557
0.7230138883564814815	0.9190035969306017
0.731600693912037037	0.9264654277364209
0.74448032351851851852	0.9126065761414335
0.7530729161226851852	0.9233166703235408
0.8240023142013888889	0.7124531925973853
0.8274976845833333333	0.7060024575713989
0.8449166660532407407	0.7140153918671478
0.8658217586342592593	0.7054355684925545
0.8797488419560185185	0.7134723120325492
0.8832337956597222223	0.7046128555592367
0.8867175919444444444	0.7101890197150209
0.8971793975	0.852154153728933
0.9041469900810185185	0.8481250173518593
0.9076203697106481482	0.831982491733529
0.9183854160069444444	0.8470813776511177
0.92503819377314814814	0.8480876594011773
0.92853240674768518519	0.842202835109956
0.9389606474768518519	0.8337186216649896
0.942540508587962963	0.8236702862581747
0.945952545625	0.8470020019300167
0.9494247678472222222	0.8385613843473554
0.9529085641203703704	0.8586915834127722
0.9598819437615740741	0.8411826789657666
0.9633749993171296296	0.8465597587719299
0.9668402770717592592	0.8522946022946023
0.9738078696759259259	0.8210175004380585
0.9772905085532407407	0.8474797992872606
0.9807881937268518518	0.8269322474072601
0.9842731474421296296	0.833676360699954
0.9877372678125	0.8309359627547436
0.9912199066898148148	0.8327095679881337
0.9947245363078703704	0.8396433679715419
1.0016782400115740741	0.8368041584653697
1.0051851844444444444	0.8440717171988213
1.0086504621990740741	0.8439472565686459
1.0225937492708333333	0.835159468692901
1.0260891196296296296	0.844809548652804
1.0295555548032407408	0.8353557322376154
1.0330428232986111111	0.8388379915466153
1.0365266196412037037	0.830172841074296
1.0400127307291666667	0.8437619754119888
1.0434849529398148148	0.8453400594566007
1.0469988418287037037	0.8304478593169315
1.0504675918402777778	0.8327253741974077
1.0539421288657407407	0.842063791534415
1.0574317121990740741	0.8305860157017365
1.0609085640509259259	0.8502760063694313
1.0643819436574074074	0.8432734588582244
1.0713495362615740741	0.8365025394451622
1.0748414343981481481	0.8482411583062271
1.0783298603356481482	0.8343077369855305
1.0887743047569444444	0.8388553477641978
1.0922569436574074074	0.8414179025862664
1.0992349529166666667	0.8314181094065405
1.1027164343865740741	0.8474879188116107
1.106199073275462963	0.8241256826765133
1.1096817121759259259	0.8544616560243742
1.1201238417824074074	0.823348481626719
1.1236273140162037037	0.8509776040317121
1.13057638806712962963	0.8417819824908219
1.13407060103009259259	0.8399041676657992
1.144515045462962963	0.8337154205208019
1.1515196750925925926	0.8455441094422047
1.1549699065509259259	0.843411433288794
1.1584664343287037037	0.8415943089685576
1.1619247676851851852	0.8462545361669523
1.1688935176851851852	0.8454644827397374
1.1723958324652777778	0.8358304003457041
1.175901619525462963	0.8248940057465006
1.1793657398842592592	0.8329645859799877
1.1828379620833333333	0.8312358733395604
1.1863321750578703704	0.8378315986274354
1.1897939806134259259	0.835395045464769
1.1933240732175925926	0.8330335823590533
1.1967673602546296296	0.8444519506840061
1.200248841724537037	0.8320514961083068
1.20375462875	0.8315487864365854
1.2072280083796296296	0.8365047800273144
1.2107106472685185185	0.8444354730184362
1.2141828694907407407	0.8261512827142407
1.2176898139583333334	0.8338366239694498
1.2211840268981481482	0.8455434180748856
1.2246446750462962963	0.8219823536678916
1.2281226842939814815	0.8455980656478295
1.2316064805902777778	0.8364234293217183
1.2351111102083333333	0.8504189399633487
1.2455451379861111111	0.8459963785215925
1.2525185176041666667	0.8422341459901328
1.2594837953819444444	0.8310251303498188
1.2629745361226851852	0.8455041268567596
1.266451387974537037	0.8518721519298547
1.2699398139004629629	0.8403027085822397
1.2769085638773148148	0.8468557740924809
1.2802430546412037037	0.6660077327829298
1.2838587953703703704	0.8453582010870554
1.2908449064814814814	0.8441468092809528
1.2943171287152777778	0.857057445777258
1.2977997675694444444	0.8437458053446475
1.3012824064814814815	0.8484682577934002
1.3047777768402777777	0.8489230450712891
1.3082488416550925926	0.8400884733675321
1.3117465268402777778	0.846679676853134
1.3152199064583333334	0.8304895756561645
1.3221770823726851852	0.8512874562460759
1.3256724527546296297	0.833270101793052
1.3291481471875	0.8156716505149458
1.33265277681712962963	0.8556460831428171
1.33960300828703703704	0.8199096177642683
1.34309259162037037037	0.8363318168981315
1.34658333236111111111	0.8300643281506299
1.3500740731134259259	0.8234666432789569
1.3570312490162037037	0.8332802464986487
1.3605219897453703704	0.8415619718268603
1.3639930545601851852	0.8323966942148759
1.3674884249421296296	0.8320538161966279
1.3709606471643518519	0.8345607725597946
1.3744548601041666667	0.8348523647574969
1.3779328693634259259	0.8323391177264341
1.3814351841898148148	0.8287254301219276
1.3849166656712962963	0.8282238154197465
1.3883946749305555555	0.8317206432680446
1.3918761563888888889	0.8351133405201356
1.3956782397337962963	0.8422361443643079
1.4023229156597222222	0.8277214747123233
1.4057939804745370371	0.8142423609128345
1.4092777767476851852	0.8571622499539421
1.4127673600925925926	0.840348132417765
1.4160914341782407407	0.6246552006353402
1.419743054537037037	0.8401946107784432
1.4232245360185185185	0.8509344281716117
1.4302060174884259259	0.8402978463726396
1.4336782396643518518	0.8617775636861635
1.4371493045138888889	0.8387576561500482
1.4406331007986111111	0.8431383037633456
1.4441377304398148148	0.8230231916798575
1.4474837952314814815	0.9937561059774447
1.5142673599884259259	0.9900378207265517
1.5193807859259259259	0.984553107626428
4.7815987905555555555	0.8502862370788794
4.7850953183449074074	0.8408334839225313
4.7885802720370370371	0.8533610603641243
4.7955420775694444444	0.8620956818649996
4.81735689236111111111	0.8590977558783732
4.8905096701041666667	0.8507502395348571
4.8940061978703703704	0.846831834804333
4.897493466412037037	0.8546702121453711
4.9009888367361111111	0.8358850976961214
4.9044610590046296296	0.857392613457009
4.9079379108449074074	0.8456572155854017
4.9149217071296296296	0.8498306236976024
4.9183892997222222222	0.8484310980036022
4.9218730960185185185	0.8577215319254565
4.9253568923032407408	0.8454704380052148
4.9288522626736111111	0.8533208372231929
4.9323244848726851852	0.859345665571464
4.9358105960185185186	0.8519652570466301
4.9392932348958333333	0.8560088458105766
4.942789762662037037	0.6458269758693509
4.946264299699074074	0.8614875651087199
4.9497457811689814815	0.8547285344778597
4.9532284200694444444	0.8463777446916959
4.9567099015509259259	0.833294746410807
4.9601948552546296296	0.8514558855725025
4.9636832811689814815	0.8543941229911803
4.9671670774537037037	0.8482622164923026
4.9741358274537037037	0.8607439099086005
4.9776184663425925926	0.8443826098811145
4.9811022626388888889	0.8673852178527641
4.9845953181828703704	0.8562150296873358
4.9880663829976851852	0.8640496735473222
4.9915478644675925926	0.8627790786920029
4.9950328181944444445	0.8437450480868856
4.9985258737268518518	0.8440671082743821
5.0054842070717592592	0.847797168756894
5.0089656885416666666	0.8324397625471681
5.0124587440972222222	0.8705567053397445
5.0159309663194444445	0.8426810179352178
5.0194147626041666666	0.8398979686757959
5.0228962440856481482	0.8463721939562794
5.03336846630787037037	0.8425902414699288
5.03684763295138888889	0.8484087056027303
5.04033258666666666667	0.861216989758933
5.0438129107175925926	0.8477609967525137
5.047296707037037037	0.8496007711364132
5.0507712440740740741	0.8488859518116924
5.0542619848032407407	0.8601900163300072
5.057734207025462963	0.857150752056296
5.0612237903472222222	0.8424547120784966
5.0647099014699074074	0.8554094029473974
5.068202957037037037	0.8603548579757022
5.0716786514583333333	0.8362387300168953
5.0751786514699074074	0.8435999651541866
5.0786439292361111111	0.8568175401235308
5.0821346699652777778	0.8553800966602937
5.0856068921759259259	0.8418592024724508
5.089112679224537037	0.8575382577388125
5.0924460125578703704	0.7101229971739312
5.0960559662731481481	0.8566383624256274
5.0995524940509259259	0.8533974170554038
5.1030443921875	0.8692809247984407
5.1065119847685185185	0.8388533706648041
5.1169853643634259259	0.8579563013926849
5.1204471699421296296	0.8455691302233174
5.1309170773379629629	0.8542717901210235
5.1343835125231481481	0.8550310954011343
5.1378765680555555556	0.8368581994376629
5.1413499476967592593	0.8511334907181524
5.1448441606597222222	0.8550384894052132
5.1483163828703703704	0.8256877902760419
5.1518152254976851852	0.8464012643153666
5.1552920773263888889	0.850190505764463
5.1587758736111111112	0.8436978402867265
5.1622469384259259259	0.8482818708174477
5.1657469384259259259	0.85407305969415
5.1692203180439814815	0.8400234258663282
5.1727226328819444445	0.8505523227142717
5.1761925402546296296	0.8512551209918854
5.1796763365509259259	0.8393143420890368
5.1866555032291666667	0.8384952831153568
5.1901242532175925926	0.8526032070077453
5.1936057346990740741	0.865951885239108
5.1970999476388888889	0.8472740835160416
5.200588373587962963	0.8582235312354675
5.204068697662037037	0.8438925887210093
5.2110258735648148148	0.8474649791727861
5.2180015680208333333	0.8548957098050861
5.2214842069097222222	0.8531268346771809
5.2249656883912037037	0.8383150172678351
5.22846800319444444444	0.8399006048056792
5.2319263365509259259	0.8681528923719153
5.23541013282407407407	0.8500527851333105
5.23890087355324074074	0.8654383723019786
5.24239392910879629629	0.8451801727389188
5.5308568918865740741	0.8422364845781514
5.534356891875	0.825611142970377
5.5378337437152777778	0.8442148438514057
5.5413244844675925926	0.8284669307346896
5.5448059659143518519	0.8409808300581567
5.5482805029861111111	0.8424574169823966
5.5517677715046296297	0.8286417395999203
5.64518443811342592592	0.8404307355645191
5.6556416140393518519	0.8513101021558895
5.6798165468634259259	0.8270809046010569
5.6837737227893518519	0.8431417873113722
5.6872204820370370371	0.8451594567818602
5.7894959449305555555	0.8294128037820468
5.7929936301041666667	0.8359940727675319
5.7964681671296296296	0.835377952899247
5.7999542782175925926	0.8359599928124328
5.8034369171527777778	0.8576742624624024
5.8069183986226851852	0.8373419209030417
5.8104021949189814815	0.8387314060423627
5.81388714861111111111	0.8419645704558796
5.81737210229166666667	0.8283147285156078
5.8313038152662037037	0.8317109743546774
5.8347864541550925926	0.8581536484266845
5.8382806670833333333	0.8400261918088108
5.8417505745138888889	0.8339320415735754
5.8452459448611111111	0.8506513235608686
5.8487181671180555555	0.8342368185019289
5.8522123800694444444	0.8379125544242408
5.8556973337615740741	0.8392597990329972
5.859179972650462963	0.8371037480209162
5.8626718707870370371	0.8689676424429267
5.8731163152199074074	0.8293442449805628
5.876597796712962963	0.8283767959069885
5.8800862226273148148	0.8256341840178174
5.8835607596643518519	0.8367071709363989
5.8870422411458333334	0.831632499719943
5.8905410837152777778	0.8487709152131014
5.8974890003935185185	0.8400071845876884
5.9009913151967592592	0.826520958747883
5.9044623800347222222	0.8375830353630943
5.9079635374305555555	0.8342559101399922
5.9114357596412037037	0.8328873726607675
5.9148096022453703704	0.7435418782771022
5.9184056670486111111	0.8310100867146933
5.9219010374189814814	0.8310220810323685
5.9288593707523148148	0.8329910129723936
5.9323489540740740741	0.8440855143523457
5.9358339077777777778	0.8388087761810168
5.93930613	0.840941523915523
5.9427876114814814815	0.8393705479565432
5.9462714077662037037	0.8468571302530509
5.9497656207175925926	0.8362677271911292
5.9532390003703703704	0.8367678625976833
5.9567274262847222222	0.8456246984979053
5.9602100651504629629	0.8388106071000361
5.9637065929513888889	0.8417616004445678
5.9671811299652777778	0.8376697286833513
5.9706533521759259259	0.827952578563184
5.9741464077662037037	0.8534750403110479
5.9776452503240740741	0.8284429778192193
5.9811186299652777778	0.8565325387070769
5.9846024262615740741	0.8462192013593883
5.9880792781134259259	0.8404150266345848
5.9915723336689814815	0.8437087361655511
5.9950433984722222222	0.8337409369169005
5.9985283521412037037	0.8406313970896627
6.0020098336689814815	0.8527856019060387
6.00550867625	0.8443458844145298
6.0089808984606481482	0.842128909697354
6.0124704818055555555	0.8298917344402278
6.0159565929050925926	0.8341119073474893
6.0194299725231481481	0.8382790611665288
6.02291492623842592592	0.8314542323538295
6.02640450957175925926	0.8285469484354243
6.02987673179398148148	0.8515559513647858
6.03337557435185185185	0.8251162654307842
6.03684779658564814815	0.8424141085465557
6.04033043547453703703	0.8453788141699734
6.0438223336342592593	0.83952268400526
6.0473049725115740741	0.8334860761512728
6.0507864539699074074	0.8344906937014838
6.0577575187731481481	0.8298250498471542
6.0612471021180555556	0.8339556533798997
6.0647204817708333333	0.8404518473711906
6.0682019632523148148	0.8534494167204004
6.0716927039814814815	0.8233908611146503
6.0751811299074074074	0.8351269243908235
6.0786591391550925926	0.8446418800016318
6.0821417780208333333	0.8423079661187789
6.0856209446990740741	0.8373942063546346
6.0925954817361111111	0.8308268230087745
6.0960827502314814815	0.8521701195856781
6.0995653891666666667	0.8424004715921376
6.1065225650578703704	0.842211471991498
6.1100156206018518518	0.838848127282884
6.1134971020833333333	0.836527169737909
6.1169693243171296296	0.8572187100263923
6.1204531206018518518	0.8378160473340472
6.1239461761574074074	0.8316433186825976
6.1274311298842592593	0.8464730759902449
6.1309565928356481481	0.8262733504323945
6.1413651576041666666	0.8459244116211788
6.1448616853819444444	0.8440309570447897
6.1483327501967592592	0.8457265799477354
6.1518061298263888889	0.8391874256446621
6.1552968705671296296	0.8479519876122799
6.158792240949074074	0.8400172881805616
6.1622644631597222222	0.8462016269441186
6.1657505742592592592	0.8370282423765026
6.1762008057638888889	0.8313474676459951
6.1796811298148148148	0.8581826275983944
6.1831695557175925926	0.8385072101052151
6.1866637687152777778	0.8371991415978104
6.1901371483333333333	0.8418241936847778
6.200602426099537037	0.8262644447566
6.2040723334953703704	0.8344134455030416
6.2075584446296296296	0.8503584113843434
6.211039926087962963	0.8436072551515509
6.2180144631134259259	0.8402463747752605
6.2214843705208333333	0.8415144245776461
6.2249751112731481482	0.8496018725274095
6.22847279644675925926	0.85232153035488
6.23194038902777777778	0.8392368378682981
6.23889987974537037037	0.835605752835323
6.24240450939814814815	0.8482996951445455
6.2459021945833333333	0.8264118228074134
6.8714183978356481482	0.8584945699513095
6.8749056663425925926	0.846519690105611
6.8783987219212962963	0.8785026923410363
6.8853570552199074074	0.8603468151205487
6.8888385367013888889	0.8815748863362209
6.8923234904166666667	0.8681251088168618
6.895807286712962963	0.8659572149958796
6.89929918487268518519	0.8576390311625519
6.90625751819444444444	0.8721208426047584
6.90973899967592592592	0.8692596641734693
6.91323437003472222222	0.8595216155846412
6.91671816633101851852	0.8657112956282629
6.92019964778935185185	0.8634269731622584
6.9271614533564814815	0.8635436561623296
6.9341278885416666667	0.8632222794361806
6.9376221015046296296	0.85666450915901
6.9410966385300925926	0.8555517456039754
6.9480677033333333333	0.8442545177821447
6.9515700181365740741	0.8514544627667637
6.9550318236921296296	0.8737693781686647
6.9585144625925925926	0.8605034806950064
6.9620005737037037037	0.8734238395530965
6.9689774255439814815	0.8597559911122831
6.9724600644097222222	0.8657004108807145
6.9759392310763888889	0.8719349994539849
6.9794415459027777778	0.8713158989638291
6.9829079810648148148	0.8655197222611191
6.9863778884953703704	0.869455955761273
6.9898744162615740741	0.8784931416628348
6.9933929347800925926	0.8709171417682052
6.9968339069907407407	0.8528206236780645
7.0003327495949074074	0.8702382266588727
7.0038258051273148148	0.8531495341525047
7.0072922403009259259	0.8573073298172615
7.0107760366087962963	0.8748723464683026
7.0142598329166666666	0.8709458448865011
7.0177389995601851851	0.8824221057105048
7.0247065921759259259	0.8696452343864931
7.0316741847800925926	0.8675655710777598
7.0351707125347222223	0.8655019735962294
7.0384901569791666667	0.6338942104774126
7.0421278884375	0.8575635516387766
7.0456105273263888889	0.8397951507435912
7.0491070551273148148	0.8725835250749535
7.0525792773148148148	0.8629421009915621
7.0560630736342592593	0.8690425626667362
7.0595491847222222222	0.8705975942679623
7.0630503421296296296	0.8594359792310042
7.0665190921412037037	0.8539855495264213
7.0700052032291666667	0.8657387217134274
7.0734762680671296297	0.8517100304563358
7.0769762680439814815	0.8641951297781744
7.0839357587962962963	0.8550168047282685
7.08750520322916666667	0.854074744274837
7.0943883050925925926	0.875765551603669
7.0978709439583333333	0.8535572575436007
7.1013605272916666666	0.8617436766031588
7.10832349025462962963	0.8601251644258512
7.11179686988425925926	0.8622222167920128
7.11877256428240740741	0.8670640049553483
7.12225520320601851852	0.8625061252336437
7.12574015688657407408	0.8632500719171904
7.12922279578703703703	0.8560685293395651
7.1327158513425925926	0.8631941112336108
7.1361996476388888889	0.8672137603281099
7.139679971724537037	0.8513230720493223
7.1431637679976851852	0.856600747838651
7.146660295775462963	0.8745653607574474
7.1501325179861111111	0.8553149582306468
7.1536128420717592593	0.8599753106619601
7.1570943235532407407	0.8624923472305386
7.1605954809490740741	0.8613968584493635
7.1640561290856481482	0.8521279365230687
7.1675491846759259259	0.8563673905374032
7.1710329809143518519	0.8680106713605986
7.1780028883449074074	0.8547811671127995
7.181538767974537037	0.8635938687525643
7.1849635364699074074	0.8671880978984587
7.1884600642476851852	0.8494149359799056
7.1919334439120370371	0.8527522620659876
7.1954160827777777778	0.8536455535419071
7.1989033512962962963	0.8752446103148935
7.2058651568518518518	0.8489363643768885
7.2093593697916666667	0.8494645040585732
7.2128327494560185185	0.8546136913892955
7.2163269624074074074	0.8538325417011912
7.2198038142476851852	0.8579225715211691
7.2232852957175925926	0.8680916500076888
7.2267783512962962963	0.8437805495104711
7.2302656198148148148	0.8523408625492741
7.2337366846180555555	0.8550730593411259
7.2372193235069444444	0.8483726479629442
7.2442019623726851852	0.8531232580374843
7.2476707123611111111	0.8602040527031376
7.2511602956828703704	0.8457822700527529
7.2546429345833333333	0.8616142295140157
7.2582054345949074074	0.8534118765554075
7.2616116845601851852	0.8663108371670613
7.2649508049305555556	0.6785292243347419
7.2685746475462962963	0.8577523407937069
7.27209085125	0.8488593025957872
7.2755376104976851852	0.8633073847965155
7.27902835125	0.8596026011650689
7.282514462337962963	0.8498668045008152
7.289475110474537037	0.8485194969540486
7.2964427030787037037	0.8571312685056052
7.2999496475231481482	0.8666097608084785
7.303412610474537037	0.8614129569643106
7.3069033512152777778	0.8675102997722403
7.3103871475	0.8628458956233196
7.3138639993518518519	0.8604161094293307
7.31735011046296296296	0.8578592285519562
7.32083043453703703704	0.8676040362855979
7.3278119159837962963	0.8588409899562136
7.33128529564814814815	0.8616610229036552
7.33476446230324074075	0.8560124067780002
7.33825057341435185185	0.8720003814217497
7.3417436289583333333	0.8572556007826707
7.3452181660069444444	0.8539174367987704
7.3487089067592592593	0.8621220209124879
7.3521788141435185185	0.8592081907750883
7.355685758587962963	0.8584965410182056
7.3591579808101851852	0.8742340849286553
7.3626278882175925926	0.86364606758909
7.3661244159837962963	0.8727275021132181
7.3696128419212962963	0.8531710556159618
7.3731232585763888889	0.8603104604097755
7.3765769622800925926	0.8727574850749636
7.3800538141087962963	0.8884268945539331
7.3835491844675925926	0.891865424103617
7.387021406712962963	0.8649204447082216
7.3905052029976851852	0.869606961908979
7.3974878418981481481	0.8631581738932222
7.4009600640856481482	0.8871583824145495
7.404450804837962963	0.8604896639745044
7.4079264992939814815	0.8658627877492483
7.4114102955787037037	0.8539391458069513
7.4148929344675925926	0.8729462841846819
7.4183813603819444444	0.8630331591101542
7.4218674715046296296	0.859986349423025
7.4253512678009259259	0.8674770211682633
7.428831591875	0.8538621443924963
7.4323130733680555556	0.8625387542925514
7.4358014992824074074	0.8654255352934824
7.4393003418634259259	0.9062047008813041
7.4427609900231481481	0.8953715023654331
7.4462540455787037037	0.9059260941967152
7.4497262678125	0.8949919389010693
7.4532320548148148148	0.9066944518130065
7.4567065918518518519	0.8955189762014071
7.4601764992708333333	0.9008045609716742
7.4636649251736111111	0.9143786083680879
7.4671602955555555555	0.9239718880412671
7.4706325177662037037	0.9115479846941522
7.4741174714814814815	0.9199285870001137
7.4810954807175925926	0.9242211047621951
7.4845700177430555556	0.9012945763769621
7.4880526566435185185	0.9158025768289151
7.4915399251504629629	0.9204555048634966
7.4950792770254629629	0.9073471315262981
7.5019913140393518518	0.8936778934726262
7.5054751103240740741	0.9152256566074355
7.5089565918171296297	0.912210205459238
7.5124450177546296296	0.9078248837455691
7.5159149251388888889	0.9124540748428834
7.5194033510532407408	0.913181856841478
7.52290103625	0.8931744458322721
7.52638367512731481481	0.8928554961056304
7.53334316586805555555	0.8736871740886724
7.53684432326388888889	0.879126807604876
7.54031654548611111111	0.8745809862115997
7.54380149917824074074	0.8608680100083682
7.5472841380671296296	0.8480853667700831
7.5508454806597222222	0.8480125826408597
7.5542494158564814815	0.8684121059582335
7.5577366843634259259	0.863438971719377
7.5612204806481481481	0.858378967113424
7.5647158510300925926	0.8672760032600985
7.5681834436226851852	0.8577753517709851
7.5716649250810185185	0.863546208928233
7.57502835100694444444	0.724397418427106
7.578652193599537037	0.8595929594090851
7.5856070547222222222	0.8406247011837185
7.5891255732175925926	0.8557968203796368
7.5925792769560185185	0.8500268029188621
7.5960503417361111111	0.85522714006195
7.5995399250694444444	0.8535069418685234
7.6065086750578703704	0.8558807455516605
7.6099774250694444445	0.8410211212491181
7.6134739528356481482	0.8531798809146964
7.6169589065393518518	0.8412589149573056
7.6204808973032407407	0.8712511272422614
7.6239195546875	0.8603922522349207
7.6274010361342592592	0.8575771522697545
7.630894091724537037	0.852928967500361
7.6343755732060185185	0.8533588203167669
7.6378593694907407407	0.8621197267101106
7.6413431658101851852	0.8484158103015609
7.6448223324421296297	0.8518813364013422
7.6517968694791666666	0.8454117266083654
7.6552795083564814815	0.8650276647528063
7.6587621472685185185	0.8409488625315964
7.6622528880208333333	0.8406302165958013
7.6657332120601851852	0.8556019947582106
7.6726950176157407408	0.831123353503978
7.6796649250462962963	0.8441354032962582
7.6831348323958333334	0.8437591812750955
7.6901255731597222222	0.8558298667981697
7.6935954805555555556	0.8479883508175343
7.6970792768518518519	0.8394784329491155
7.7005688601967592593	0.8576629709660847
7.7040561287037037037	0.848029779678898
7.7075376101851851852	0.8356765901604024
7.7110167768402777778	0.8448725273593536
7.7179936286921296296	0.8486534194037931
7.7214774249537037037	0.8424374564720158
7.7249496471875	0.8557035316379618
7.7284311286921296297	0.8458990239200523
7.73541261017361111111	0.8353528259251759
7.73888946199074074074	0.8377801625471963
7.74237904532407407408	0.8525890761253467
7.74933622127314814815	0.8458461538461539
7.75630612865740740741	0.8500692392109455
7.7632714064351851852	0.8461714226268654
7.7667621471875	0.8411634441080121
7.7702447860532407407	0.8426698258523668
7.7737285823611111111	0.846781448735846
7.7772135360763888889	0.8427369907470488
7.7806950175115740741	0.8144188693460632
7.7842054342013888889	0.8453326844338176
7.7876672397453703704	0.8293310009306785
7.7911394619791666667	0.840341364174685
7.7946278879166666667	0.8519618717569241
7.7981221008564814815	0.8261077438729824
7.8016093693865740741	0.8560918834956783
7.8085711749189814815	0.8515776250091542
7.8155283508449074074	0.8184086192846535
7.819021406400462963	0.8454796250498005
7.8225005730555555556	0.8367157747043497
7.8259913137962962963	0.8474735622847
7.8294751100810185185	0.8508317870605046
7.8329473323032407408	0.8358445037847303
7.8364496471296296296	0.8477176130862352
7.8399241841550925926	0.8531054846828358
7.8434126100694444445	0.8524118288883707
7.8468859896875	0.8518791228360438
7.8503709434027777778	0.8384913987256248
7.8538524248842592593	0.8303248869104589
7.8573454804398148148	0.8277714080339765
7.8608153878356481481	0.8372318802549373
7.8643061285879629629	0.854333124556985
7.8677876100694444445	0.8370836684393219
7.8712829804282407407	0.8304347495648959
7.8747690915393518519	0.849733058319868
7.881729739675925926	0.8378482097796266
7.8921822859722222222	0.8505107275762263
7.8991626100347222222	0.853634012662654
7.9026302026273148148	0.8487488630252278
7.9061024248611111111	0.8522428860200398
7.9095966378356481482	0.8308797301910167
7.9130700174421296297	0.846006440573433
7.9165642303935185186	0.8403641364319706
7.9200376100231481481	0.8478701591392003
7.9235306655671296296	0.8417731791961128
7.9270237211342592592	0.8403998306738552
7.9339797396296296296	0.8549040827566174
7.9374681655555555556	0.8275376410428694
7.9409565914930555555	0.846779243482763
7.94443923038194444444	0.7826584771829729
7.94791723960648148148	0.7773128295482516
7.95139640628472222222	0.7900911294608715
7.95489872111111111111	0.7870770311545116
7.95835936925925925926	0.7773587995287633
7.96533390626157407407	0.7799137323886521
7.9723003414699074074	0.7807840161894235
7.9757852951736111111	0.7852796573041912
7.9792714062731481481	0.7725075222286082
7.9827656192476851852	0.7810421657399055
7.9862332118287037037	0.79856989669015
7.9897251099768518519	0.7856828229766547
7.9931950173842592593	0.7867238237097476
7.9966973321990740741	0.7843545389863414
8.0001707118287037037	0.8008219323121487
8.0036510358912037037	0.7719282710916248
8.007148721099537037	0.7810346712616559
8.0106232581018518519	0.7860137601640559
8.0175954803472222222	0.776511860461304
8.0245723321527777778	0.7782300622084596
8.0280399247685185185	0.8518022315933101
8.0350098321759259259	0.8496033429069968
8.0419751099305555555	0.8556165774908341
8.045464693275462963	0.8564386455942143
8.0489473321643518519	0.8567191421400867
8.052513304375	0.8561604813071867
8.0559183969444444445	0.8541834088482025
8.0593917765856481482	0.8432693895141284
8.0628859895486111111	0.8661800764995827
8.0663848321064814815	0.8623651726734681
8.0698535821180555555	0.8481246336404358
8.0733477951157407407	0.8512065253685286
8.0768084432523148148	0.8424346598409109
8.0803130728819444445	0.8633650034200828
8.0837818228703703704	0.8501340291677966
8.0872679339583333334	0.8605178753031371
8.0907598320949074074	0.8522843856576046
8.0942528876851851852	0.8486578202174617
8.1012031191550925926	0.8610849958455165
8.1081741839699074074	0.8537591365029319
8.1116545080324074074	0.8482738236841916
8.1186278876388888889	0.8491156955968966
8.1255896932291666667	0.8473588337229935
8.1290711746759259259	0.8366058076107891
8.1325596006365740741	0.8505187835420395
8.1360445542939814815	0.8634534982353457
8.1395190913541666666	0.8522704793445977
8.1430109894907407408	0.83453798558159
8.14999362835648148148	0.840870456639373
8.15346700799768518518	0.8449747692113306
8.1569531191087962963	0.8319574416496845
8.16043112837962962963	0.8492800115342333
8.16392649871527777777	0.8438392740646655
8.16740103577546296296	0.8295825228839149
8.17087094318287037037	0.8464911077650239
8.1778582116898148148	0.836783426808059
8.1848153876041666667	0.8404622216036846
8.1883084431597222222	0.8544426015574449
8.195262146875	0.8477376273780128
8.1987459431365740741	0.8563600816838002
8.2022332116782407407	0.8522368587180675
8.2057262672222222222	0.8400778980005842
8.2091996468402777778	0.8535475319780905
8.2126834431365740741	0.8243622892040805
8.2161672394328703704	0.8517850420150967
8.2231383042592592592	0.8375424820643395
8.2266232579513888889	0.8542867082372271
8.2301058968402777778	0.8539373443286319
8.233595480162037037	0.854165234648645
8.2370677023726851852	0.8353667309612268
8.2405596005439814815	0.8527603641074843
8.2440364523726851852	0.8413617672119911
8.2475318227546296296	0.8530916961681677
8.2510052023611111111	0.8550941820033782
8.2544866838541666667	0.840655252170917
8.2614612208680555555	0.8544390975857078
8.2649438597685185185	0.8410970053989483
8.2684183968171296297	0.8524170882312181
8.271911452349537037	0.8410984118956398
8.2788825171759259259	0.8372526700021472
8.2823732578819444445	0.8462093417694949
8.2858454801041666667	0.8660110167428305
8.2893315912384259259	0.8387221730040305
8.2928026560300925926	0.835353379949605
8.2963107579050925926	0.8378169622141687
8.2997760356712962963	0.8472707615997334
8.306747100474537037	0.8475873304126315
8.3102308967708333333	0.8495449181794373
8.3137204800925925926	0.8588531658361888
8.317204276412037037	0.8595360681647413
8.3206753412268518519	0.8458734322716157
8.3241799708101851852	0.8530209898263823
8.32764409125	0.8287583053405745
8.3311359893518518518	0.8517494710970533
8.3346093689930555555	0.8500350874069591
8.3384623782175925926	0.8369176652165937
8.3450700171064814815	0.8403049170096735
8.3485549708333333333	0.8551288785990421
8.3520468689814814815	0.8386177297133423
8.3555237208101851852	0.8465944455036354
8.358997100462962963	0.8245240298360919
8.36597973931712962963	0.8373227095426673
8.36945427636574074074	0.8413674566991408
8.3729357578587962963	0.8431447868456285
8.37641839672453703704	0.8467738333784905
8.38339409116898148148	0.8485216747385834
8.3868778874421296296	0.8464197811465435
8.3903501096875	0.8475652481813877
8.3938547393055555555	0.831650222770144
8.4008130726273148148	0.8507830364692991
8.4042945540972222222	0.8356869240192041
8.407785294837962963	0.832497658107751
8.4112690911458333333	0.860185649849599
8.85346700748842592593	0.839283746400789
8.85696237787037037037	0.8323477081521313
8.86043922969907407407	0.8499957732822647
8.86392997047453703704	0.8119632189487503
8.86740335006944444445	0.8050916758018318
8.87088598895833333333	0.8193234070566215
8.8778570537615740741	0.8203513423931058
8.8813385352430555555	0.8130871575087125
8.884820016724537037	0.8158340356678898
8.8883558963541666667	0.8154688517227285
8.8918061278356481481	0.7976971408010185
8.8952783500462962963	0.8144402249142147
8.89876330375	0.8094317455371475
8.9057447852430555556	0.8150541259835121
8.9092181648611111111	0.8274159270253699
8.9161741833449074074	0.8039176786523754
8.9196811278125	0.80911262049375
8.9231417759606481481	0.8184949824434018
8.9266383037384259259	0.8154158304919089
8.9301116833449074074	0.8330344019644643
8.9336151555439814815	0.831609596126847
8.9370769611342592592	0.8188754879644231
8.9405723314930555556	0.830511467566406
8.9440491833333333333	0.8157563070560319
8.947542238900462963	0.8166252191057433
8.9510144611111111111	0.8249951054912228
8.954499414837962963	0.8125132713650913
8.9614762666666666666	0.8225956499461495
8.9649496463078703703	0.8104485711476754
8.9684357573842592593	0.8331773389134766
8.9719172388888888889	0.8245420014641712
8.9753998777662037037	0.8078501695783654
8.9788848314583333333	0.8206648510101839
8.9823790444328703704	0.8073167354306774
8.9858501092592592592	0.8111004411785173
8.989358211087962963	0.8170910246301417
8.9928269610879629629	0.8105627661268856
8.9963061277662037037	0.8187327756029134
8.9997991832986111111	0.81660983627727
9.0032852943981481481	0.8179479755912876
9.0067575166319444445	0.8169976563188478
9.0102436277430555555	0.7955552263790655
9.0137320536574074074	0.8239289591626535
9.0172204796180555555	0.8234544466428524
9.0207008036574074074	0.8047053413370419
9.0241776554976851852	0.8137429163386419
9.0276660814236111111	0.8078298298499689
9.0311510351388888889	0.8101481243467109
9.0346255721875	0.8020588105948807
9.0381082110532407408	0.8057850662359908
9.0415908499305555555	0.8090632037742522
9.0485630721759259259	0.8213216626668206
9.0520572851388888889	0.8203302635580193
9.0555237203125	0.8088408366501567
9.05902950733796296296	0.8023635620140537
9.06249825732638888889	0.810759305655978
9.06946584993055555556	0.8274680576910888
9.07643459993055555556	0.8053197532117187
9.0799172387962962963	0.8035813497742297
9.0869299702893518519	0.8022580001658646
9.0903686276851851852	0.8035129812298244
9.0973362202777777778	0.8130830617061932
9.1008315906597222222	0.8148698549941457
9.1043038128587962963	0.8003593839933738
9.107786451724537037	0.8150176656570399
9.1112818221180555556	0.8093469941398139
9.1147667758217592593	0.8100636321783187
9.1217285813773148148	0.816406571374153
9.1251973313773148148	0.8215197551239192
9.1286973313773148148	0.823043181179344
9.1321764980208333333	0.8254175332948875
9.1356649239583333333	0.815451660806413
9.1391359887615740741	0.8255662733541662
9.1426302017013888889	0.8237181953566692
9.1461128406134259259	0.8276084612053226
9.16007348875	0.8199599617457403
9.1635260350231481481	0.8135775496878763
9.1670086739351851852	0.8129704742544287
9.1705005720717592592	0.8226371061843641
9.1739843683680555555	0.8163034248514011
9.18094848875	0.8134655401523483
9.1844334424305555555	0.8081947025349551
9.1879126091203703704	0.8255728238486447
9.1914010350115740741	0.8039574562124244
9.1948906183564814815	0.8068095475967624
9.1983605257638888889	0.8176363351548435
9.2053304331597222222	0.8199935441633781
9.2088292757523148148	0.823156716112206
9.2157876090856481482	0.8095715311105474
9.2192806646296296296	0.8214614494180271
9.2227528868402777778	0.7992743885746869
9.2262355257407407407	0.8262506295473234
9.2297251090393518518	0.8091100985992488
9.2332146923842592592	0.8101457182477437
9.2401776553703703704	0.8150594655203782
9.2436498775810185185	0.8154985778375263
9.2471348312731481481	0.8040401582266425
9.2506626090509259259	0.8260138313282502
9.2541093682986111111	0.8164626271369341
9.2575792757175925926	0.8158000870506212
9.2610815905208333334	0.8012555663326772
9.26804686831018518518	0.8099364410174015
9.27153297939814814815	0.8028475132227998
9.27501909050925925926	0.8169630255231659
9.27850520164351851851	0.819600802425597
9.28197510905092592593	0.8178642419892018
9.28545659050925925926	0.8182890882544697
9.2889508034722222222	0.8250218597250691
9.2924600627314814815	0.8184828837164562
9.3028767293981481482	0.8095237276271686
9.3063663127083333333	0.8221005873051599
9.3098477941898148148	0.8151077209293769
9.3131649238194444445	0.5704104325277497
9.3168119145601851852	0.8213458920897002
9.3203061275	0.8232510024668122
9.323788766412037037	0.837487641090924
9.3272737201157407407	0.8189270327981115
9.3307586737847222222	0.8207184898594864
9.3342413126736111111	0.8120826356827091
9.3377899238078703704	0.8052394555206975
9.4979817789699074074	0.8203108115843495
9.5014609456597222222	0.7908407461885083
9.5049366400810185185	0.8138670240272877
9.508432010474537037	0.803604996336885
9.511923908599537037	0.8151060147223803
9.5153984455902777778	0.8062045170931794
9.5189169641550925926	0.8181154728005839
9.522361408587962963	0.788031709567477
9.529330158587962963	0.8093849426095986
9.5328162696990740741	0.8070256909154502
9.5397699734027777778	0.7942463121340412
9.5432688159837962963	0.7990428451674815
9.5467433530092592593	0.8057951423071836
9.5502387233912037037	0.8055096529407838
9.5537132604282407407	0.8093023255813954
9.5571958993055555556	0.8086281947823218
9.5606808530092592592	0.8056287317139019
9.5641715937152777778	0.8108882098519403
9.5676426585300925926	0.8105775076706192
9.5746183530092592593	0.8040064650850016
9.5781067789236111111	0.813547232445525
9.5815778437384259259	0.8249929969661434
9.5850859455671296296	0.8063239888499214
9.5885546955671296297	0.799466193645715
9.5920280752083333334	0.7966345865856749
9.5955246029861111111	0.8063031771195147
9.5990141863078703704	0.8042642277026326
9.6024956677777777778	0.8201031568849226
9.6094540011226851852	0.7947833623212494
9.6129493714930555555	0.8235962470812588
9.6164192788773148148	0.8053440847652813
9.6199123344560185185	0.8048193634284828
9.6233833992592592593	0.7991713006049673
9.626882241863425926	0.7986151761970864
9.630481778900462963	0.7971348800741977
9.6338382603587962963	0.8096563932217481
9.6373197418402777778	0.7886906010275389
9.640817427025462963	0.7988105511697381
9.6442896492476851852	0.8164833638970952
9.6477711307175925926	0.788990529120515
9.6512595566435185185	0.8131916154580638
9.6547502974074074074	0.7888932279716069
9.6582248344097222222	0.8053907261785609
9.6617074733101851852	0.798132842667718
9.6652040011111111111	0.8005259912519097
9.6686889547800925926	0.811232281065835
9.6721600195833333334	0.8198829599154276
9.6756461307060185185	0.8022080314854293
9.6791299269791666667	0.8076861879092374
9.68262992700231481481	0.8004148425459335
9.68610562142361111111	0.8145074535116029
9.6930720566087962963	0.8026739710158918
9.69655585289351851852	0.7975993480008966
9.7035211306712962963	0.8148968286614635
9.70700376957175925926	0.797725140500157
9.7105049269791666667	0.7979678418959717
9.7139678899305555556	0.792621146236374
9.7174516862384259259	0.8244267197192365
9.7209401121412037037	0.8065023876635768
9.7244354825231481481	0.7919119137588019
9.7279030750925925926	0.8026031025349982
9.7348776121412037037	0.7985747172067555
9.7418509917476851852	0.7999897951187868
9.7453313158333333333	0.7971764465791563
9.7488127973148148148	0.7884954983467717
9.7521553899074074074	0.6530640031899478
9.7557792324884259259	0.8058520629751925
9.7592572417476851852	0.8006585540268956
9.7627294639467592593	0.8111978936633846
9.7662445102662037037	0.8082368928634053
9.7697144176736111111	0.7934726657510118
9.7731947417361111111	0.7934196939369768
9.7766843250578703704	0.7997175239606759
9.7801692787615740741	0.8095115308079253
9.7871264546990740741	0.8019138358252562
9.7906067787615740741	0.8057202714841923
9.7941114083912037037	0.8027207543463314
9.7975859454282407408	0.7933087040481582
9.8010570102199074074	0.7814802898683949
9.8045465935763888889	0.7983865631884492
9.8080778435763888889	0.7857712847584556
9.8115176583564814815	0.8077632941425619
9.8149979824305555556	0.7921936353369645
9.8184840935648148148	0.8018631544342262
9.8254516861226851852	0.7945768328245107
9.8289354824421296296	0.7903562509574902
9.8324146491087962963	0.7841243575587387
9.8359215935532407408	0.7989322041017001
9.8393822416898148148	0.7975908845346431
9.8428648805787037037	0.7832880426387484
9.8463556213078703704	0.8038634897009047
9.8498290009375	0.793299976846091
9.8533197416782407407	0.7921045283941954
9.8568023805902777777	0.8059510284083801
9.8602965935300925926	0.802716505594991
9.8637803898379629629	0.8007600181818972
9.867252612025462963	0.7951130122112829
9.8707352509375	0.7786293063929335
9.8742283064699074074	0.8059899766004911
9.8780442787037037037	0.7997467085169885
9.8846692787037037037	0.7955177892403312
9.8881577046180555556	0.8148341928893539
9.89166001944444444444	0.806640927412306
9.8951090934953703704	0.7964191696909184
9.898596362025462963	0.7968411031167574
9.90208131570601851852	0.7924255299459065
9.9058162694212962963	0.8207592022620924
9.91253270460648148148	0.7979309653824959
9.91602113052083333333	0.7992210053039268
9.9195165008796296296	0.7887299916837153
9.9229933527430555556	0.7822167614295297
9.9264725194097222222	0.8061848098007766
9.929955158287037037	0.8010132862006286
9.9334540008680555555	0.800684074717948
9.9369227508912037037	0.7988378704303779
9.9438961305208333333	0.8000679837468487
9.9508590934606481481	0.7904360765719186
9.9543394175462962963	0.8033504976991571
9.9578255286458333333	0.7971945225429318
9.9613336304976851852	0.7873251797264869
9.964787334212962963	0.8052679875081117
9.968290806400462963	0.7890793145688946
9.9717607138078703704	0.7948389769131734
9.9752595564120370371	0.7980472088894732
9.9787271490046296296	0.7901320079260572
9.9822109452893518518	0.8082251929799217
9.9857040008564814815	0.8118089626405123
9.9891924267708333333	0.7858997182599787
9.9927931212268518519	0.8020179601000051
9.9961507600810185185	0.7939615694630557
9.9996218249074074074	0.8004455892198947
10.0031183527083333334	0.7993664748110615
10.0065905749074074074	0.7956068719506789
10.0100859452546296296	0.7991105861629201
10.0135558526736111111	0.8032371752369101
10.0170581675	0.7955790363644852
10.0205373341666666667	0.8112412118194846
10.0240118711805555556	0.7960888777780682
10.0275026119212962963	0.7950876586703529
10.0309979822800925926	0.7972818365027733
10.0344632600810185185	0.8018960225751304
10.0379516859953703704	0.7828228352026384
10.0414435841550925926	0.8045387524841336
10.0449169637615740741	0.792488282205713
10.0484401118865740741	0.7765205682829719
10.0518868711689814815	0.7991988059324919
10.0553706674537037037	0.8035390500654748
10.0588614082060185186	0.7862867983506936
10.062337102650462963	0.7930812366651127
10.0693070100462962963	0.7900482610703896
10.0726912692939814815	0.6841787533086698
10.0762665007754629629	0.7898073889077375
10.0797618711458333333	0.8032259071238349
10.0832410377777777778	0.7880893120441603
10.0902063155787037037	0.7914576113381264
10.0936935841203703704	0.7873643101275343
10.0972063155671296296	0.7928617168278792
10.1006669637037037037	0.8047250099891065
10.10419474149305555556	0.8050612736761291
10.10762992667824074074	0.7989053528996523
10.1111125655787037037	0.8137053871922615
10.11461025075231481481	0.7957147519624683
10.12155816740740740741	0.7973026214511784
10.12504080628472222222	0.7980212104606225
10.1285465933217592593	0.7985272811127847
10.1320176581365740741	0.8077567647913965
10.1354968248263888889	0.8032837014560252
10.1389771488657407407	0.803045242954436
10.7588616797569444444	0.7573661515700322
10.7623454760532407407	0.7877052008944881
10.7658315871875	0.7857444134746253
10.7693246427083333333	0.7856442101248403
10.7728072816203703704	0.7854625953268276
10.8494415407986111111	0.7837833074862541
10.8529299667476851852	0.776922349546887
10.8564114482175925926	0.7827460408425703
10.8598964019212962963	0.7801623831483749
10.8633801982175925926	0.7775460725225216
10.8668709389351851852	0.7731731154181287
10.8703443185532407408	0.7908540308995808
10.8738281148842592593	0.7675560499982698
10.87731075375	0.773975915677632
10.8808038093171296296	0.7729737388167857
10.8842841333680555556	0.7732254927958986
10.8877633000462962963	0.7850108862832832
10.891254040775462963	0.7808372330858625
10.894730892650462963	0.7721028719201889
10.8982204759837962963	0.7750445859778302
10.9016984852199074074	0.7704706450018206
10.9051903833680555556	0.7674401097059992
10.9087158463194444444	0.7793587126785969
10.9121498740856481481	0.7771974677019425
10.9156371426041666667	0.781007022917043
10.9226058926157407407	0.7875851571346365
10.926089688912037037	0.7649645211279094
10.9330480222453703704	0.767353722267603
10.9365433926041666666	0.7786305849492078
10.940035290775462963	0.778850242493986
10.9469982537152777778	0.7823213412670968
10.9504785777777777778	0.7900096233466866
10.9574484851851851852	0.7803892902575785
10.9609438555555555556	0.7752007630718735
10.964409133287037037	0.7918069425129748
10.9748651518055555556	0.7596153918164041
10.9783396888657407408	0.78429045413129
10.9818304296064814815	0.7851415551278437
10.9853049666203703704	0.7775750743364176
10.9887968647685185185	0.7757876734706755
10.9923107536689814815	0.786025807584665
10.9992459388541666667	0.7958700795870081
11.0027470962615740741	0.7926412101254783
11.0062100592245370371	0.7799181436245667
11.0096938555092592592	0.7954444439422224
11.0131799666203703704	0.779563507771884
11.01667533697916666667	0.802375121150699
11.02015218884259259259	0.7903575772024541
11.02363598513888888889	0.7788803791919614
11.03060820732638888889	0.7781003945542021
11.0340908462037037037	0.7804000255992289
11.0375734851157407407	0.7840549877872703
11.0410526517824074074	0.7647500133566002
11.0445410777199074074	0.787427670994732
11.0480132999189814815	0.7896020333047564
11.0584797350925925926	0.7768965337707779
11.0619531147453703704	0.7734055349545497
11.0654345962152777778	0.7650923410738473
11.06877140174768518519	0.5758659473933377
11.0724762628587962963	0.7885726222480565
11.0759126054513888889	0.7777468008797439
11.0793732535995370371	0.7857794743040646
11.0828639943402777778	0.782592704428789
11.0863558924884259259	0.7811471154093587
11.0898281146990740741	0.7704260788544826
11.0933142258333333333	0.7697202509894836
11.0967980220949074074	0.7779180663874062
11.1002806610185185185	0.767693086442954
11.1037517258333333333	0.7851643581862384
11.1072447813773148148	0.7770001276386247
11.110717003599537037	0.7700572114088736
11.1142227906018518518	0.7836054977852974
11.1176938554050925926	0.7687002511021442
11.1211764943287037037	0.7718956428702238
11.1246591332060185185	0.7718534384916675
11.1281545035763888889	0.7885728227140689
11.1316290406134259259	0.7693615671490999
11.1420954758101851852	0.781947383920983
11.1455665406018518519	0.7699898422653274
11.1490549665277777778	0.7856186756626389
11.1525457072569444444	0.7634705296236683
11.1560271887268518518	0.7609137666602191
11.1594982535532407408	0.7921596193942209
11.1629936239236111111	0.7838731190767274
11.1699635313078703704	0.7810320567254134
11.1734380683449074074	0.7838464674319855
11.1769160775810185186	0.7730645612341451
11.1803998739120370371	0.7981155413327109
11.1837528831597222222	0.6061576009762538
11.1873767257407407407	0.7645154360768429
11.1908489479745370371	0.7711568889503356
11.1978373738657407407	0.7540656713849859
11.5044068180902777778	0.7839024119517368
11.5078871421759259259	0.7671113083009417
11.5148512625578703704	0.7615172866671858
11.5183211699421296296	0.772322731075923
11.5218165403125	0.7817080320500294
11.5287922347800925926	0.7663856879414565
11.5357563551273148148	0.7753447608501995
11.5392355218055555556	0.7880622711862767
11.5427274199305555556	0.7908736914448512
11.5462077439930555555	0.7679114870789705
11.5496845958912037037	0.7895770369698104
11.5530132995486111111	0.5565714488611145
11.5566568180787037037	0.7786460770047334
11.5636174662268518518	0.7768561993705175
11.5671082069560185186	0.7630457045844785
11.5705885310416666666	0.7770162029022702
11.5740700125231481482	0.7820199181417483
11.577552651412037037	0.7774420751586518